3.698530065829765
0.9322536955415228
1.4800812847331408
-0.22470487600574035
-1.8913516439255844
-2.1412300644465807
-3.021504523973509
-1.3468410925027077
1.8401136386700379
1.9959778468314082
1.43585504995964
3.242002092461777
1.9136839281685387
-0.7838640995639041
-3.863241228393216
-0.8888414171365466
-2.0112176967162845
-1.7805369916736993
-0.14782932815834268
2.1886647333218088
1.2760501734598158
2.148035354617495
2.686601725781511
-0.007934478235349315
-1.3691439968418346
-0.7280899997288268
-2.3314923378395602
-2.406262298913189
1.6164024193383608
1.229148373571889
-0.2536781384417415
1.5552132173375335
1.4298543745737602
1.3223701881099241
-0.3334535586726075
-1.7816617174005573
-2.031000712902208
-1.4017885818414293
-0.5467035936791842
1.175933298644766
2.495979068084857
3.9533486384002146
-0.41004131079704265
0.7363741892923642
-0.16130457589267588
-3.1833551133869546
-2.5899831389633157
-1.729418656535223
0.06437746856707915
0.38355827523156505
1.3372972901796945
2.552528792139092
3.530439902954035
1.9452553063787905
-0.5793671044279127
-0.8759530198568597
-4.1114996693335115
-4.109536612211608
-0.9051354713261816
-0.3262367683557712
1.5939900613579179
3.5740655917381505
1.369631676136637
-0.3597101515714851
