1.727032800924685
-5.139415605115476
1.153719458157914
0.04900514396527411
5.166718712686222
3.607130037468401
8.406510936392364
-2.6255293421450485
1.5637835183008035
-1.570523576771862
6.527495974780231
4.589698775019727
4.849164928165061
0.04901617437077466
2.428772005184487
11.335384276082365
7.599982754698628
9.550634737211578
2.857979968904937
9.250031801154577
1.1014914922694352
7.8166736498515945
12.696389583827816
12.971962151005961
8.908024657704434
16.37490260771719
16.819259565785583
11.076695534175775
15.016884962704916
19.39308049895515
15.920893297355706
14.263628766797392
13.258260822792234
9.509864052886194
14.325861915404692
17.962710017057454
16.016829050072275
16.77363751026823
12.969951419334949
19.21907077475291
12.577057560960784
16.34582066737385
21.53820572994495
17.377914182266984
22.792875808041927
11.996457455341485
16.44809133992793
22.700224695087833
27.122969058272147
22.153313613839458
22.778190518767225
16.111317762663443
27.42849254605395
23.117924201092453
20.80641284184644
20.67748827456196
29.505020828129247
23.934662359417082
31.686560236954534
27.61755181908257
25.250275675766947
25.244792856179167
30.15413276741074
30.847229683428587
