6.137134296670262
5.0600282499059235
7.915783805274179
11.906272763737153
3.8895282379042886
0.664592022831691
-2.079014779474181
2.702962286107098
8.364804916304557
7.483759222016458
4.716375150766884
7.159844322876615
7.935071648888183
17.141189299554213
3.8470073034521013
6.007581857077622
3.1214589387302216
5.293720729519967
1.7851137284580947
3.1638862307700357
-0.006864088140719815
1.767468828486935
3.814079157838227
-1.1959471351376196
9.927671380234155
2.2749155014226696
6.948060992529783
-0.683588856416697
6.911449423965627
10.451089626277444
9.489572333642876
7.023384307928406
