0.7124656095152349
1.0373414123831275
0.49126130993929445
13.44309150865926
4.336510592387382
0.0935834972763097
4.075432756680026
0.6065028781406235
8.122834802262057
0.08738973540603755
2.662249519475904
8.639237295201374
7.190163420189606
2.942733670276626
1.5684074787776632
2.6189488184975342
1.663912976021504
5.628887641443617
0.15405554464307983
0.8038192603218215
1.7796827219850833
2.38930471800778
0.5809115958194229
9.710585694237261
2.2944838323942145
4.753034424674208
0.3843036383081419
1.984950058781734
1.845443891937449
1.246523266553737
1.1286419674253263
0.5685732843681698
