-7.357324358253246
-9.214968358896975
2.478313775897194
7.416884682541468
-2.678992824821074
-4.283912534189006
-0.47139603519023743
6.874244607103827
4.469179603329504
2.3167324217732097
-4.1041831361420416
-11.79489903705668
2.410328136333378
6.849647302709077
-2.998561432463936
0.08023211706683628
-7.756122216354151
-6.022284043171987
-8.588337962335554
-5.482840769163187
2.478398950507152
2.923900117910834
-0.017187576433955062
4.030056690086088
3.197984186052948
-6.501560260191185
-7.170215588092068
-0.10114035466737087
-2.6008544303214816
1.6022034319979985
-1.0506224156905786
2.8084191000760392
-3.5067304986248633
-8.116988749520464
-6.32853456849209
-1.0694486873288154
7.804936562647318
6.877851898098459
-3.602877659931613
-2.714018242178067
3.2817095528727487
-3.183982072335539
-4.451154287558454
-1.4468962171071462
2.8583912549993378
2.2394418917155967
1.2388291919336303
5.018218473100001
-8.990965553917219
3.426216203603379
2.4649788577847453
-1.3556435662108905
3.616820782244508
4.5754484065380225
14.697205214814202
-0.13497865424973726
9.844218099592982
2.6271199988816436
1.703063357702966
-6.2012487944377
-3.6811655525499734
7.7064161728517915
-5.631825289795667
-6.5004366072112765
-4.289692666091304
-3.5204870594575133
-11.745592192374986
2.567348028100962
-6.737058257209036
6.357920902121475
-3.830538085602678
-8.15296273902841
2.62024448655604
5.72896169241759
-5.055902006661805
1.5747431477743938
7.737118590209477
-11.167066203063486
-0.34220317858582183
3.999825377063305
0.9717815185950782
-2.1069757772550965
2.1313172141522525
-5.331203902347544
0.4400846136590335
5.890522841234109
2.590344154684806
-1.3636621760601104
1.0335631436313222
4.270571193104822
9.377224769583265
3.5328228095586587
7.760463549412119
-1.7087917101437495
10.775903187574459
-5.8667184113064454
-7.913854015807843
10.246458678098925
-2.972312918454293
3.186666675560039
-7.327866882687238
6.489365970192364
0.6835668093341586
-2.521168075428749
1.5172536589614092
6.98033389746147
-2.709774182505752
-9.656515979755175
2.799494982380092
2.92086251157587
-1.2662458268957095
-11.854620692430167
3.8871397678449155
-5.5108003229724
-0.6732236863472063
-2.221737426499942
1.9179277568741193
-4.295461444512606
-0.5537365579731068
1.4577758110000334
12.336808530118837
-10.366285623794017
1.8466941085725392
-2.273903504912082
7.195857754689928
4.0831221485900855
-8.472799369160295
1.6202023979295082
