3.3990194803654754
0.6014836594437928
4.357175659486832
0.56014316113917
1.7306474174519628
1.140861086677024
1.9967120799262037
5.12241970974733
3.883771331919839
0.6278062265375782
0.4369914810686783
3.1951783600595953
7.382759083397417
1.6159223184414213
2.490949996295259
0.3596646014496885
1.7955083922688768
1.825187533695278
5.030376723256549
1.8000164992746166
2.2953712868314744
0.7645841084996747
2.9299012267894438
5.4902776448622195
0.9841603339169094
1.9781306657682696
2.8740032604508583
0.3725471848532345
0.6976203358240072
3.657381809334138
0.06188307802382069
3.3836138625213836
1.8612992644720996
0.5417016620205243
4.313269366514936
0.5472900067712998
6.581539967790815
2.2099430403564067
5.237740173271822
1.376051287919728
1.078425622187436
1.0289528268209598
0.37249876195850995
0.1388946877021268
3.859448866227378
1.158415009069944
3.113805089877624
0.3633886260773893
3.1590566895743675
5.368605925901994
7.133865311188152
2.6813568733165054
4.966308029878188
10.668061033972961
3.6237564787200403
0.3426821663726249
0.41753478309960035
0.1588282809376307
0.11962489561303964
0.9470376265641067
3.7163411304341225
0.1779735380361989
1.6335947288809147
0.7590262378711062
5.310375090375049
0.7815088137471724
1.132363935775524
5.476347258343094
1.3547029039333112
0.38870569988124876
0.8594213015910094
3.5879529399857213
0.4985494838690989
2.027839448568254
6.436542440598802
4.2071007851577376
8.770533861111959
2.3641708778055355
0.5700870354447201
0.39927085000505036
0.7224822917966897
0.5461161749317669
1.0811523833429282
0.9204009132399165
0.8762006276166925
1.1949002356735277
1.5186399208873398
1.646085019357316
4.2762813035073695
2.0252931500677223
4.567048627663679
2.037776730813293
0.6324066773214498
1.3463108810619357
0.5286079627031088
0.23341435638994326
1.6135930440311619
1.0334166543943397
3.1668936174060125
2.406340410479715
0.3102756874440754
0.17241365156975647
7.083169981438536
2.156669229047421
1.4578274628510324
0.6367845381679367
5.585912688135638
0.5632234725253603
2.4336601409595424
0.4647168327745852
2.9355964668736076
6.024662844674787
2.807422895731059
3.463122404860732
1.639068531875933
3.8337051565295313
0.0016492240187101273
0.04655338427131601
1.3774445574826146
2.1659131874212805
3.820336748471652
1.378639113176505
2.4972341871728916
2.019448426444393
1.0578190937865164
2.5054552349712975
0.5589026089680346
0.2092234650842737
